1.000000 0.109934
2.500000 0.468533
4.000000 0.919882
5.500000 1.294784
7.000000 1.647920
8.500000 2.022092
10.000000 2.309673
11.500000 2.881099
13.000000 3.089359
14.500000 3.397514
16.000000 3.707577
17.500000 4.107615
19.000000 4.506409
20.500000 4.944856
22.000000 5.077716
23.500000 5.534090
25.000000 5.745133
26.500000 6.144719
28.000000 6.649996
29.500000 6.921520
31.000000 7.249789
32.500000 7.750218
34.000000 8.387447
35.500000 8.571115
37.000000 8.722684
38.500000 9.294544
40.000000 9.401440
41.500000 9.743375
43.000000 10.243347
