100000 0.003894
120000.0 0.003577
144000.0 0.004108
172800.0 0.004228
207360.0 0.004931
248832.0 0.006782
298598.4 0.007580
358318.0 0.009222
429981.6 0.011361
515977.9 0.013635
619173.4 0.016155
743008.0 0.019907
891609.6 0.023648
1069931.5 0.029456
1283917.8 0.036052
1540701.3 0.044180
1848841.5 0.053885
2218609.8 0.065205
2662331.7 0.078296
3194798.0 0.094857
3833757.6 0.114042
4600509.1 0.138508
5520610.9 0.164907
6624733.0 0.199070
7949679.6 0.238779
9539615.5 0.288759
11447538.6 0.348704
13737046.3 0.414737
16484455.5 0.505337
19781346.6 0.606122
23737615.9 0.730470
28485139.0 0.863995
34182166.8 1.051907
41018600.1 1.250906
42000000 1.289494
