1.000000 0.139000
2.500000 0.637000
4.000000 1.029000
5.500000 1.444000
7.000000 1.762000
8.500000 2.347000
10.000000 2.887000
11.500000 2.904000
13.000000 3.263000
14.500000 3.957000
16.000000 4.205000
17.500000 4.506000
19.000000 5.177000
20.500000 5.532000
22.000000 5.850000
23.500000 6.087000
25.000000 6.416000
26.500000 7.042000
28.000000 7.214000
29.500000 7.776000
31.000000 7.922000
32.500000 8.897000
34.000000 8.899000
35.500000 9.397000
37.000000 9.864000
38.500000 10.147000
40.000000 10.561000
41.500000 10.696000
43.000000 11.433000
