1.000000 0.175766
2.500000 0.476692
4.000000 0.750988
5.500000 1.079186
7.000000 1.335328
8.500000 1.647006
10.000000 2.049216
11.500000 2.423516
13.000000 2.601769
14.500000 2.857266
16.000000 3.167276
17.500000 3.680413
19.000000 3.815889
20.500000 4.143229
22.000000 4.352951
23.500000 4.647192
25.000000 5.022551
26.500000 5.126194
28.000000 5.585963
29.500000 5.739299
31.000000 6.083667
32.500000 6.188401
34.000000 6.912738
35.500000 7.105033
37.000000 8.057200
38.500000 7.791473
40.000000 7.925754
41.500000 8.460422
43.000000 8.386693
