1.000000 0.208000
2.500000 0.679000
4.000000 1.037000
5.500000 1.380000
7.000000 1.783000
8.500000 2.041000
10.000000 2.388000
11.500000 2.815000
13.000000 2.936000
14.500000 3.418000
16.000000 3.788000
17.500000 4.166000
19.000000 4.396000
20.500000 4.569000
22.000000 5.311000
23.500000 5.577000
25.000000 5.663000
26.500000 6.260000
28.000000 6.279000
29.500000 6.893000
31.000000 7.011000
32.500000 7.538000
34.000000 7.638000
35.500000 8.445000
37.000000 8.674000
38.500000 9.351000
40.000000 9.581000
41.500000 9.385000
43.000000 10.037000
