1.000000 0.150202
2.500000 0.395925
4.000000 0.623624
5.500000 0.850640
7.000000 1.066272
8.500000 1.349451
10.000000 1.567135
11.500000 1.967806
13.000000 2.123930
14.500000 2.427564
16.000000 2.610792
17.500000 2.848351
19.000000 3.127175
20.500000 3.330393
22.000000 3.600282
23.500000 3.815928
25.000000 4.432904
26.500000 4.670728
28.000000 4.864681
29.500000 4.955561
31.000000 5.208724
32.500000 6.041680
34.000000 6.025222
35.500000 5.912545
37.000000 6.634835
38.500000 6.536305
40.000000 6.613338
41.500000 7.239018
43.000000 7.706463
