1.000000 0.196040
2.500000 0.571577
4.000000 0.937833
5.500000 1.254542
7.000000 1.664860
8.500000 2.024416
10.000000 2.238547
11.500000 2.596349
13.000000 2.864229
14.500000 3.141854
16.000000 3.482443
17.500000 3.946010
19.000000 4.088881
20.500000 4.542575
22.000000 4.808110
23.500000 5.109972
25.000000 5.635766
26.500000 5.805587
28.000000 6.198823
29.500000 6.545972
31.000000 6.705133
32.500000 7.374660
34.000000 7.818206
35.500000 7.539722
37.000000 8.241278
38.500000 8.524550
40.000000 8.930788
41.500000 9.173376
43.000000 9.452789
