1.000000 0.137000 0.137000 0.135000 0.134000 0.137000 0.136000 
1.400000 0.202000 0.190000 0.199000 0.206000 0.214000 0.212000 
1.960000 0.391000 0.382000 0.391000 0.357000 0.357000 0.371000 
2.744000 0.727000 0.705000 0.723000 0.700000 0.724000 0.733000 
3.841600 1.018000 0.992000 1.022000 0.985000 0.975000 0.986000 
5.378240 1.483000 1.395000 1.323000 1.567000 1.425000 1.420000 
7.529536 2.026000 1.968000 2.077000 1.932000 1.932000 1.999000 
10.541350 2.894000 3.129000 2.966000 2.774000 2.957000 2.913000 
14.757890 4.116000 4.047000 4.370000 4.213000 4.394000 6.830000 
20.661046 9.220000 7.932000 6.996000 5.586000 5.477000 5.833000 
28.925465 8.173000 8.006000 7.537000 7.914000 7.567000 7.499000 
40.000000 10.939000 11.547000 10.983000 10.222000 10.485000 10.566000