1.000000 0.147595
2.500000 0.659097
4.000000 1.021622
5.500000 1.390400
7.000000 1.842020
8.500000 2.132108
10.000000 2.784482
11.500000 2.993155
13.000000 3.583934
14.500000 3.932610
16.000000 4.006205
17.500000 4.472388
19.000000 4.826056
20.500000 5.139462
22.000000 6.057684
23.500000 6.228589
25.000000 6.211375
26.500000 6.883829
28.000000 7.689124
29.500000 7.707376
31.000000 7.749820
32.500000 8.543430
34.000000 8.619175
35.500000 9.061304
37.000000 9.816925
38.500000 9.936496
40.000000 10.064980
41.500000 10.429381
43.000000 11.087964
