1.000000 0.216953
2.500000 0.644376
4.000000 1.021621
5.500000 1.362950
7.000000 1.784758
8.500000 2.144620
10.000000 2.510576
11.500000 2.902371
13.000000 3.090113
14.500000 3.414824
16.000000 3.777621
17.500000 4.132098
19.000000 4.574697
20.500000 4.678840
22.000000 5.217915
23.500000 5.325292
25.000000 5.543536
26.500000 6.017566
28.000000 6.471668
29.500000 6.508159
31.000000 6.876094
32.500000 7.445127
34.000000 8.004658
35.500000 8.532067
37.000000 8.487053
38.500000 8.590242
40.000000 9.265952
41.500000 9.678975
43.000000 10.167092
