0.100000 0.020000
0.120000 0.021000
0.144000 0.030000
0.172800 0.036000
0.207360 0.044000
0.248832 0.052000
0.298598 0.068000
0.358318 0.075000
0.429981 0.094000
0.515977 0.109000
0.619173 0.135000
0.743008 0.168000
0.891609 0.200000
1.069931 0.225000
1.283917 0.287000
1.540701 0.341000
1.848841 0.442000
2.218609 0.589000
2.662331 0.682000
3.194798 0.878000
3.833757 1.039000
4.600509 1.202000
5.520610 1.393000
6.624733 1.554000
7.949679 1.881000
9.539615 2.298000
11.447538 2.689000
13.737046 3.142000
16.484455 3.906000
19.781346 4.641000
23.737615 5.378000
28.485139 6.611000
34.182166 7.796000
40.000000 9.344000