1.000000 0.182831
2.500000 0.532207
4.000000 0.788145
5.500000 1.109946
7.000000 1.384372
8.500000 1.658616
10.000000 1.986524
11.500000 2.281475
13.000000 2.560677
14.500000 2.922239
16.000000 3.300519
17.500000 3.610857
19.000000 3.865044
20.500000 4.131585
22.000000 4.416224
23.500000 4.551507
25.000000 5.269893
26.500000 5.579439
28.000000 6.100329
29.500000 5.873997
31.000000 6.503605
32.500000 6.706345
34.000000 6.698133
35.500000 7.515336
37.000000 7.997628
38.500000 8.344791
40.000000 8.291707
41.500000 8.958885
43.000000 8.853795
