1.000000 0.139670
2.500000 0.615182
4.000000 1.156510
5.500000 1.679155
7.000000 2.093593
8.500000 2.564430
10.000000 3.122474
11.500000 3.553853
13.000000 4.091015
14.500000 4.530111
16.000000 4.925404
17.500000 5.449669
19.000000 5.982345
20.500000 6.767761
22.000000 6.972725
23.500000 7.469217
25.000000 7.857899
26.500000 8.366374
28.000000 8.797891
29.500000 9.426390
31.000000 9.674482
32.500000 9.908342
34.000000 10.490835
35.500000 11.098054
37.000000 11.752310
38.500000 11.929138
40.000000 12.539501
41.500000 13.170153
43.000000 13.475354
