1.000000 0.167924
2.500000 0.442687
4.000000 0.767890
5.500000 1.097034
7.000000 1.358188
8.500000 1.709303
10.000000 2.134845
11.500000 2.406830
13.000000 2.923792
14.500000 3.144294
16.000000 3.432771
17.500000 3.723946
19.000000 4.335868
20.500000 4.581102
22.000000 4.808315
23.500000 5.322277
25.000000 5.495336
26.500000 5.828551
28.000000 6.214132
29.500000 6.673283
31.000000 6.751579
32.500000 7.288235
34.000000 7.761011
35.500000 7.919785
37.000000 8.481362
38.500000 8.558965
40.000000 9.146719
41.500000 9.329922
43.000000 9.838499
